54345654 47533681
23972125 21392905
95790350 35622592
24613481 72878046
104946141 82167455
69723375 48135996
50935340 54583310
77475034 89587444
43266209 65362852
101997122 88345135
92726974 36466428
102512889 81420997
103556694 96274869
99612724 98593618
72882164 72905539
81046739 99301853
24202031 93803364
67752236 53444080
87563834 65791066
100283199 38776429
18416090 106428887
56608717 31030071
4464625 34698716
40663407 74384566
848444 65908772
87756921 57362341
30825582 60152769
94368107 75477716
7909653 56334067
59353067 71288960
51082303 76279853
45523695 86127569
52423013 95125448
94276377 45302089
6520892 100960175
98398477 7863351
56126850 65455445
54269780 37756831
93373289 508111
64253503 48625361
20787308 2118178
47341380 81671533
46096028 5295741
103340132 13758382
21964542 25639930
1366700 11991866
68040996 10514799
55006836 40103307
12548030 97291726
44750938 26519329
46433315 97355182
49929785 88163973
54419228 68396611
29654522 100158467
17357217 51265282
35537349 59404258
93780985 6171457
13299787 98775957
21742426 81885663
30355976 45595766
20146829 32176273
26990160 5010435
90876294 102729682
34387473 71593850
24626996 55747403
2963371 93254576
60198945 27699706
49773949 10350950
25342697 31835466
61886496 94532879
31276087 10343377
59090852 15528677
95757841 76209529
65663203 64950512
429534 60523144
74108038 47493482
33775252 44876998
28353575 69895536
38473516 15418078
2534813 90476749
48490791 28804315
96099989 32843479
24059405 88899345
16853096 56953195
18780777 79781171
18687432 32679114
74324030 34313388
52875444 28266909
39652634 105969266
12141868 13503266
31937789 27878788
69206007 86767013
46917228 22135895
30019917 54027279
38923716 30145977
24913447 30288561
96101004 97385556
8010072 84186520
73998788 18855061
59871068 40374319
13097643 79634702
80049184 39208731
28307061 62716948
3684316 35708888
87268507 70446940
76633299 67738470
22496035 36534363
74231438 7736289
35513779 62657373
89383292 70461018
98081963 105576653
73926120 229055
96611325 11301447
37651633 42225816
6949129 99386824
52862939 87817377
49054413 32114989
69045650 15123338
31285235 41268892
22939725 106604190
106476498 45467302
19060716 86498557
15288713 45069738
62211189 73205141
35025847 14403167
77949160 85168563
38238711 31047689
11730224 42900820
58385626 65295509
51996492 35110325
72163879 87171061
31150451 11890192
70124089 26655106
59390815 61399967
94960419 59495940
95467346 27812882
62242579 61158173
15141433 16026919
43144036 41021580
2000021 84247308
21853423 44873491
95115524 49538826
29026980 31455182
17650423 34655253
98476057 91008980
91491199 74946546
46282064 45536659
11838915 58620137
6076226 84391102
4885053 51971616
99551295 80689079
58118391 730424
60366436 4078993
74859668 89158027
90274097 24591055
8449819 92150205
38024366 25239043
11216586 41267123
99952436 105458095
64323266 50667358
17438600 837898
51093289 100121689
28057179 70642457
97848996 26401315
99831140 103491886
1362598 74089825
58781710 15788810
22988002 84454462
43931771 104874204
39753401 12841408
55692629 67849108
24494431 18161969
22281872 90555824
72564239 91510534
30410897 29738083
53186255 13623496
30098774 58321511
47495732 79702520
53647739 93152202
6490143 84473600
81719422 14204310
23905 18082434
10736973 33829219
64113849 103680549
1461809 78716157
51640927 43102478
40433103 19942374
1517865 6402785
99190048 13830810
98881069 20431863
46689912 29314856
72440666 21886343
75287157 16068650
76675112 72535725
35708145 77529526
62684814 69708277
90249631 36239218
45894974 34493415
71459199 35198887
26648405 21326720
42534672 32388903
96922825 81969533
99573631 39415919
41134844 6702052
37767168 78293007
64853754 32751476
71096589 73807441
25868767 68646904
66776749 20324900
35505381 26301400
26279774 82082027
6121530 53428936
10784526 72130933
75045843 33243601
7036565 5705746
102750000 24267706
18736310 24161529
22323739 17592489
103313720 20917417
68887096 90599861
27130494 11896069
25697237 33197572
100192057 54499384
28369759 11057075
11680306 60955167
63058 68139049
51863087 72380289
14678208 30783868
23854570 61931206
22187614 50173611
42173353 70329642
26708974 56156
85815161 101812140
22073860 19063158
29225523 63766429
6222905 104648455
84797909 64271348
30974921 24086888
101519843 90588478
64976015 4091069
103681840 6951105
9004525 105729908
57541636 24922699
78645064 21160391
876653 10747413
23899548 85104327
6137932 31914476
3160270 15243746
59555049 67183225
93291681 34317702
41434428 49653546
11263265 56878009
30381817 38538403
26674753 81797276
73073261 105627590
94465444 3271329
39483039 12714965
103634754 27325943
67532162 106297800
87979247 42769964
2135982 11247648
73241296 55660258
37314039 5412475
39782771 77315012
34972429 41010220
70180673 101734111
34606491 47456258
36735362 55310780
24675106 36069147
67663820 19506305
50753364 70020950
60699258 54245938
28070773 6629781
87796478 71228710
25289846 68850603
95720258 68778380
51669909 46384227
92117694 81604017
54626777 197088
46717435 39227725
13980127 2662194
22291550 79560280
38606981 41933004
100937712 13271884
63516682 15102961
88902197 24686191
63817616 50582513
26433376 80727200
56831873 87276903
81321735 76227898
64788048 10336550
5946843 72355222
48047196 1832447
99273786 25940174
35952601 61057073
58459029 76056131
44756199 22781535
50482504 81662866
87965788 60037275
90620956 87864512
37049061 95947778
94409457 16497093
38319107 67156253
106733 29784971
98869695 1939843
41684599 82605779
31856456 27957023
82139715 53268379
25791167 102892869
44423180 10775272
29771643 1504362
41350740 15750446
13824451 7706655
17448273 8984221
93020573 50606611
62152043 26248278
32245724 2154666
12364533 85310835
78033210 78421106
99851725 52372088
80406511 69626407
79216235 28849722
80938809 55266418
21092351 46023594
15827301 57870271
60129134 82573095
7436464 17885682
38300747 100992897
57214159 29419524
71811526 2068458
34860105 54297468
74593991 104075465
19714502 107271887
75332530 81629798
49129710 96880414
88358981 74836946
37768460 5261087
62643711 47311271
92412297 96699291
28343675 2174938
41826354 21780507
57696444 100546845
92928164 36814370
6475753 68298906
87460572 59902083
33041288 96669777
54571222 19520793
91572325 5362785
105893255 6959658
7631393 72387878
79203243 3539213
103957648 49913243
34456286 47389247
18191119 70321702
57952375 724028
29661944 83677060
37694514 51785692
62938633 62936658
96357989 50780242
99590772 87711606
47058795 76269055
106804612 48810661
7292523 15997643
59302195 46140259
62147474 92548819
26315691 54020777
37926693 28637039
10930824 28193537
53050263 94425732
33752880 35254146
38078524 60113312
25057201 78788985
8333237 94467110
3330072 12179022
69201485 46073113
106304905 19741568
29377778 107180572
31648520 80909248
91687717 94315516
53402148 17413149
63505203 5715078
5055215 103421615
39437074 73075063
53420662 50086609
76697653 70673449
97635790 44287297
14003582 77099275
82083429 88013272
4171929 75439129
20285051 55838971
55903930 59890850
84832680 103403027
52285787 5786123
92986103 79369641
85232169 6233864
64997725 49778396
60048819 94597164
22133884 414236
33718585 18021232
21194385 73006950
38060148 18873295
86618439 49373789
63283312 7264698
75804832 10464134
16847756 91304136
18073514 73808363
8224753 44509457
46287168 68869577
21358562 22941760
31542022 35363952
84415890 74228766
70360026 63721752
35821560 73153103
37711204 39731188
97595523 56325881
41122596 41170631
65218076 26659645
10701891 28781130
272820 34686616
34419586 85522483
10780878 59703442
59986125 78137820
77069390 75386104
82619380 3348900
97418250 33216791
33850499 10819101
65508089 96425761
61956646 60453460
81506923 37715301
96210483 26019093
29470788 79379974
95266813 97997450
58163657 94295634
85055157 10959895
92002488 78332221
16799285 20171664
90645174 8580025
1136107 44386388
100692416 44201614
80160420 71073637
72538997 98044683
46709438 59105156
91244641 45016978
40915034 72166413
66132679 82648164
87466368 102593863
73170990 52151435
90937498 82125994
99121876 51062280
92284334 53113451
57744724 18197450
58814944 30613523
53115050 38285663
75884604 73482369
7258980 17958376
92508195 53776101
9376794 3785950
99945219 100425185
89696518 88556453
78272483 93839388
88915342 18346652
32999211 85345868
86543677 87909298
53225681 25028491
86086309 57172531
75135041 67095006
2993702 104317103
81075435 40068479
40875470 63906477
77657622 25101793
58022696 83017848
84268574 136875
103714287 29561091
26875454 74029178
64312673 45507904
15515874 103959572
100632460 50569355
38422773 93523920
53909482 7887332
10511587 39612722
92808342 80597360
104770258 29502954
66632655 45408154
80200814 39236572
44037121 89426200
30257546 18429036
72126513 103574108
12018548 51472222
92343020 45750452
85708210 45129457
90892233 94405908
92901555 66790035
90387170 58874038
19359612 7791939
9634092 103874004
2446924 29307685
59375527 66790902
90991105 39103489
69778871 105745765
66759772 106181139
74318001 47359632
95811224 82312516
102632763 38808819
27743071 87905156
31644234 57012407
12271592 51769262
101486174 56276008
35949024 23556585
86145538 51136019
59857446 10415896
17064943 97251819
103036634 76626603
101869160 49695329
63897538 6832215
25299897 22678968
71993622 85634923
45623757 62849591
41477328 28557396
94176192 67108156
53126330 54013891
84636158 42336230
47421586 13767063
99473277 41042521
36082318 57805419
76421086 76162432
7442207 60097711
95458591 52582228
29323474 7968485
45236798 96651295
67995230 52116577
4762334 39753275
8578499 1470573
5271752 68485618
90274056 85226186
25478589 87844998
13187576 104963958
68107160 58497193
73657699 25859036
54191408 95691967
82071064 27557455
67854660 23899213
22794717 19442741
94898708 24510767
53662221 67393798
4740747 87213926
98245556 102280498
7058369 82595499
29670892 21219407
71613940 58334631
42175805 35089353
107228127 103965041
85016467 36253290
48324891 70043089
82171816 68672237
11994808 35308130
4503213 30627109
63941512 64849975
43941421 5564251
56075601 48605158
105732312 15019478
83247265 77493665
78058631 90895614
43458413 84037791
97746321 80012807
78058375 14815870
101452765 80451488
68955990 89512275
102614416 37179602
52586107 42683019
37595004 103895989
101614923 101223925
18541064 99866716
72279526 10719885
97694564 104831457
88559651 46629525
70765922 86007235
43350006 68905939
93977676 3459892
9593064 62616726
51721261 22939452
104605544 45291000
81653676 105753369
4516251 93713293
50577312 83675562
77723261 85330162
106809901 16780530
4328069 84057936
46973727 94704508
32964626 65890779
62477460 96006134
89691222 75751641
102875635 52048684
28069338 40323114
28061425 92526104
95983719 61821392
64984312 51070271
71538249 84124362
102083141 22304379
91814663 44749384
36006759 10621217
73445251 103927434
70712691 50208241
36413557 25487036
78423782 3724288
97629937 70624502
63650697 40761263
55706206 62689557
94488067 36069592
75269972 28880419
91202956 81164159
19134919 57464825
98472005 75286570
5877876 19206774
91418854 14029463
45779641 4835754
60772480 48885306
7886528 40798156
66408290 12350238
85805859 29148796
57469616 14041856
78012763 27723386
105475081 23594906
18729788 96539544
19870471 73676085
36409378 44687336
2527245 39111899
79665473 47927075
66776375 18020867
14239379 28194540
31204032 39985273
22562472 17614405
23622618 1734328
15364547 55276323
82858419 49637304
53663068 39667200
58302745 25355561
104158876 87286489
13453078 7506809
39134876 99169366
79008458 31955509
6991374 34193025
36092796 32511393
74633688 5147393
73039100 96542863
69459174 50721814
80221639 96884367
75863731 84731569
59515967 67086543
89474702 1371586
35343584 85942119
82864728 19298405
97674909 4535397
22657839 96936102
9171281 20186172
38517105 54292823
104964005 100380423
87608748 106953969
69426955 50469277
36901418 8488028
68387103 14048523
40492675 7199085
42879503 60511111
98121326 56851324
35060368 84385352
73141933 27829984
96616509 75456457
36568107 92699717
16631874 107008759
4515625 6004414
92282806 26465489
10157112 43606260
60074639 28454536
12445892 59436300
69868478 101067027
9808194 24598875
9651505 65029624
72955633 12578534
6967278 72397253
31811626 83350528
25418152 105195047
53003287 45732584
103630919 102895738
52183968 15576871
75278785 28072034
432486 49938765
54990764 23911372
70099337 89987152
10381368 9203459
41105801 21213856
85982402 47324327
38271433 84901989
85873131 74704652
31819064 48215251
3301846 75892527
28741274 10082302
54691840 32661045
84379553 103741513
79955224 8908391
23288309 7318853
5719459 53734127
83595567 70680161
21658575 39429745
26724631 22503064
7781813 94659216
107284304 76078358
66169427 42109079
54190162 1702800
47227007 37981678
46367340 58192052
83125290 4869055
20458725 87440095
66157670 47821571
105829377 60380618
48509958 43928451
49579411 48517562
66517521 52995611
69373488 13124739
10308595 26885572
79429590 7476066
94657037 76073444
16020353 39177687
41341036 58755463
85649086 18792180
105971928 95721252
9935681 40611134
61636331 88188458
95649832 89619343
14972855 104783864
43286030 56589378
100996590 80865466
29519184 5604137
18460471 62285669
22525674 94429453
19247575 95233603
69432070 27615700
1475354 43608017
45277154 34427371
27414961 20628607
38303545 34307423
80825579 63047575
74536551 26478380
1396967 88815815
73904833 66302320
83356480 105377599
103776590 70563045
79772708 70985942
6271493 45731180
101845612 99824812
41313643 1916949
101948142 100792761
74431817 27207453
40611608 14890069
19118959 46834162
77127998 100139151
15313208 80206780
5990576 12946557
100265495 53554490
39749973 54560760
101217731 42411490
51876403 1666328
77607778 58117670
53289462 24999698
85821465 53410606
42443117 68906866
70133604 18682596
689401 106902483
92268095 79111570
82530690 28295939
73708935 60344455
51669253 6091651
102082504 18247914
57347816 89789747
99595941 27798754
97118156 3465328
12360385 61795797
81700107 41065182
11250240 34334823
81852785 56221885
34650004 89016613
58980972 72222723
62792830 104058893
56943783 100348503
102064879 36701383
50309070 56718919
2276850 29598277
78501500 51095671
45304604 63083140
10565504 89654834
65950089 9276432
3056305 47077208
37111510 37979003
8706418 80323153
103437785 96486116
25327711 56313911
60202009 63792625
6681176 63484070
66933153 42788468
69910247 38299700
73366475 66605444
107133290 63943297
78159479 7711386
84758006 26194633
7424985 92361996
56484986 95933121
45539485 63536201
40055820 92614814
58612003 56215095
48561111 8479358
39229902 66114868
37030702 77345263
89793757 27226689
92821122 17463109
14853131 18660711
76038844 11007790
30638134 22144030
107278696 96250598
27314088 588726
16827432 70305783
34292480 106073038
74680351 22740223
22978509 580272
79740889 90391911
826871 53108970
13653469 97677206
16895309 38765202
25823338 24311706
17565683 100427550
50468843 81577300
79722451 1999214
43069335 90773035
65757153 19692086
28555264 87135387
15775559 84640219
101881788 98497182
61359000 9763840
49546556 106239427
50167429 75168967
103185018 74882473
56623644 54918510
48370893 100720576
31642792 15997394
19142386 53974220
60487002 55501531
98991697 64774126
93949920 98483670
89196655 81924438
83746337 70484813
97730434 19375833
1334981 36279504
77605648 43959750
28931147 10129430
18303115 89020000
81574274 71479410
65238420 106799944
4847881 8170163
90982786 101849084
100553904 15553886
31102088 69406108
42296295 44168618
40616406 89076889
69814540 33945186
46247295 30807761
33368957 56356289
72057886 14962189
26419990 83818498
74481048 54680806
106473704 12356356
87784451 104007409
52786230 100717988
69233852 8816810
86002143 61581745
102243230 6881095
32853041 15430861
79913572 28234970
74984152 6011765
36388412 41559540
104372800 29992730
84853390 99917101
85714361 49410964
39144484 30760686
56312617 97403111
36776976 574012
59597432 59331777
90520059 36680069
94956573 105209409
100451727 76040319
554446 10802110
94344809 34956560
34005179 53977945
32499075 98212077
60837522 11217019
55053439 81608490
98138810 63993798
39392619 20918300
9154902 9260425
50800591 18906397
6949688 8718861
44475271 9052677
14588921 94730911
61220564 49947189
26153545 1697749
69963679 76890003
2720948 53451428
67597694 64395952
103531788 56529272
27919953 15864005
55155288 34566099
34970706 55987524
39156673 90389427
9674215 59299582
102906271 38941479
94112497 15053982
69679881 64602134
32894549 96311113
43502210 16350179
30431057 16829826
52346526 34362637
61480489 87724796
9504088 62733252
69582483 87533245
51906038 32810985
83754444 10458401
93770587 19674756
7438618 76563906
100845737 42227762
91887464 54675443
38469005 18399542
77614342 47112242
44487358 55563477
91128003 75430066
73050584 19686242
101719384 8428824
101049081 49060516
29584994 47368682
53585616 63972984
54654066 56535915
29153039 880203
66540845 72058701
22250926 18728666
74058597 5837664
16747791 42412795
97806162 80091931
11292581 11401654
47307857 79210865
43913980 96203389
50805033 63428722
9924572 50644894
60780161 11818566
42476762 51022882
23091886 71644127
39965249 88721643
80667655 86579647
61916642 67092040
26286444 33273679
78395219 85594183
23388806 105131915
94408360 73049024
13868308 35978714
15069089 50014757
95659079 98273474
98073777 58417690
83163485 84024839
82535919 85366638
19692941 58982480
46600323 5902081
74540915 24674919
94834996 50670000
91307441 50010076
102231351 17849622
36048427 35205325
80544227 29678256
90126303 53715608
2921358 69249693
19014980 4108971
30385154 48268637
70946184 21074467
56624252 19624413
49574840 54593033
3323370 56053066
56225189 15171113
2352598 65280720
77946027 64945220
3450665 72869813
35637451 64730209
51128392 33749879
73457969 89104743
13433105 104279224
65088817 96954883
58601213 7911865
61288462 73077080
53990339 59751642
53326113 66024741
2442675 8025400
75128344 49947216
65471396 67039034
29295996 100424453
39098441 35528565
84297216 18631218
99232591 85146211
2751716 51452285
